1296000 maximum_zohe	1305072000 304.004568
1296000 maximum_zohe	1306368000 308.355132
1296000 maximum_zohe	1314144000 301.088186159
1296000 mean_zohe	1306368000 294.688388774
1296000 mean_zohe	1307664000 293.152895616
1296000 mean_zohe	1314144000 301.088186159
1296000 mean_zohe	1315440000 299.24812393
172800 mean_zohe	1317081600 297.161556783
172800 mean_zohe	1317254400 298.119248276
172800 mean_zohe	1317427200 297.318563972
172800 mean_zohe	1317600000 301.183183979
172800 mean_zohe	1317772800 301.445890683
172800 mean_zohe	1317945600 297.084011542
172800 mean_zohe	1318118400 291.494249681
172800 mean_zohe	1318291200 291.434759056
172800 mean_zohe	1318464000 298.248828523
172800 mean_zohe	1318636800 292.237683169
172800 mean_zohe	1318809600 286.97949842
172800 mean_zohe	1318982400 295.70627
4320000 maximum_zohe	1279584000 313.43079
4320000 maximum_zohe	1288224000 299.251174
4320000 maximum_zohe	1296864000 295.867402
4320000 maximum_zohe	1305504000 311.81947
4320000 maximum_zohe	1314144000 314.558714
4320000 maximum_zohe	1322784000 None
4320000 mean_zohe	1288224000 292.569497951
4320000 mean_zohe	1296864000 277.358272702
4320000 mean_zohe	1314144000 298.324748214
4320000 mean_zohe	1322784000 None
