1296000 maximum_zohe	1307664000 306.904944
1296000 maximum_zohe	1308960000 308.919094
1296000 maximum_zohe	1315440000 313.994752
1296000 maximum_zohe	1316736000 297.837262271
1296000 mean_zohe	1308960000 295.084150724
1296000 mean_zohe	1310256000 298.461155802
1296000 mean_zohe	1316736000 297.837262271
18000 mean_zohe	1318518000 299.458515077
18000 mean_zohe	1318536000 295.039537115
18000 mean_zohe	1318554000 291.86357616
18000 mean_zohe	1318572000 288.346306298
18000 mean_zohe	1318590000 287.36020979
18000 mean_zohe	1318608000 289.643947053
18000 mean_zohe	1318626000 288.035818362
18000 mean_zohe	1318644000 286.688732463
18000 mean_zohe	1318662000 284.499382744
18000 mean_zohe	1318680000 285.433496279
18000 mean_zohe	1318698000 288.942279856
18000 mean_zohe	1318716000 285.166308092
18000 mean_zohe	1318734000 284.344597554
18000 mean_zohe	1318752000 286.286000932
18000 mean_zohe	1318770000 294.623274973
18000 mean_zohe	1318788000 288.365834602
18000 mean_zohe	1318806000 285.679853679
18000 mean_zohe	1318824000 284.745928132
18000 mean_zohe	1318842000 284.209340668
18000 mean_zohe	1318860000 289.231816156
18000 mean_zohe	1318878000 287.788749295
18000 mean_zohe	1318896000 285.201958547
18000 mean_zohe	1318914000 283.864782265
18000 mean_zohe	1318932000 289.340821954
18000 mean_zohe	1318950000 294.175516
4320000 maximum_zohe	1275264000 306.58268
4320000 maximum_zohe	1283904000 311.658338
4320000 maximum_zohe	1301184000 282.327111134
4320000 mean_zohe	1275264000 292.451431705
4320000 mean_zohe	1283904000 296.899355184
4320000 mean_zohe	1292544000 283.294543689
4320000 mean_zohe	1301184000 282.327111134
4320000 mean_zohe	1309824000 295.446560669
4320000 mean_zohe	1318464000 297.939327259
