1296000 maximum_zohe	1303776000 305.293624
1296000 maximum_zohe	1310256000 309.483056
1296000 maximum_zohe	1311552000 309.80532
1296000 maximum_zohe	1312848000 308.99966
1296000 maximum_zohe	1318032000 2938.109938
1296000 maximum_zohe	1319328000 None
1296000 mean_zohe	1303776000 290.365621785
1296000 mean_zohe	1305072000 290.727103834
1296000 mean_zohe	1311552000 296.649782467
1296000 mean_zohe	1312848000 297.269709676
1296000 mean_zohe	1318032000 298.059147438
1296000 mean_zohe	1319328000 None
172800 mean_zohe	1315526400 296.565375377
172800 mean_zohe	1315699200 300.038717373
172800 mean_zohe	1315872000 299.583628573
172800 mean_zohe	1316044800 300.999341972
172800 mean_zohe	1316217600 300.604355501
172800 mean_zohe	1316390400 294.126659342
172800 mean_zohe	1316563200 292.719647817
172800 mean_zohe	1316736000 297.204031104
172800 mean_zohe	1316908800 303.682304
4320000 maximum_zohe	1270944000 296.753628
4320000 maximum_zohe	1292544000 297.478722
4320000 maximum_zohe	1309824000 309.483056
4320000 maximum_zohe	1318464000 297.939327259
4320000 mean_zohe	1270944000 296.753628
4320000 mean_zohe	1279584000 298.156363521
4320000 mean_zohe	1305504000 291.181017819
